d1	d2	d3
0.2659330931524141	1.0940224957379947	-1.710096509917749
1.1864523166262693	-2.474933155660339	-0.5947045628278116
-1.0364488033789518	-3.1231613591222676	-0.09259516909722959
7.527104982390638	-1.444476890762203	0.04726776488212961
5.85771179102871	3.5256371329583454	0.5714504491505947
-6.56879970749372	5.011514674852762	-0.6160643364890935
5.54337858923391	1.0411305897022627	1.0678220287619256
4.613904923494639	-2.030454173275962	-2.4111971390848415
0.7991590609852455	-1.0466490789552936	0.14376043086653978
-9.050330579833293	6.86389500225614	-0.8902607537537532
-7.51619601402434	6.015582456704195	-0.9821791887574053
-1.5922031652409996	-5.0270643171263885	-0.23447032234457849
4.04657626948164	-1.5586694276175521	-0.6309348327088253
-3.6681631070022496	-2.4548515896542815	-1.0480032556041081
0.6485674444647536	2.7790927219145973	-0.2886320812075436
4.012809829867226	0.1983145474086539	1.2356391667880702
0.5790841647926741	-3.1470979799159378	1.4646930921930086
-3.2286794029345867	5.53434598476651	0.1280742677251751
2.8328180278783	1.3765044859895683	1.3952082948598112
-4.346270935012469	-3.2407879177862204	-0.3965573527172246
3.235962950961453	3.9855743778172954	0.13310267099728934
5.431765152272991	5.423939197536301	1.8115641546676684
-19.24214007851057	1.2387427660255332	0.14357416709987578
-2.726887725579317	-0.7239877734890747	-1.9749398031854357
-2.021093251992579	4.147718537210562	-1.4430226849363432
-4.025949553810555	2.835193044396307	-0.02696393311524249
1.9048585499123245	-0.39834919432669336	0.6511448913957217
6.555949085754187	-0.010178418237240083	-0.05235141759678169
-7.168569483776896	-2.365869656828041	-1.0429856246900848
-4.746911700153376	-3.5543899431782933	-0.6800462475441116
2.587585402980917	-2.50038344985298	0.5179538682036667
6.355171789664944	0.24568136404861718	0.6247576188184059
-3.8750897672173763	2.750444264928853	-0.5048623771732709
0.8659085628320778	0.9555078691114408	0.2760780996611464
-3.4068771628202974	-0.7246514079941835	-1.4657192255642308
-1.269480045427174	-3.0222266145207763	0.6826750895451765
4.290792954875608	-6.8234759351302205	-1.7761706583989416
1.3254825493177331	0.5626285637225426	-0.6436686763755063
-10.867450547811067	3.0840767067598134	0.13699397901017726
0.9964717684514669	2.8360469776933863	0.5991722539808652
5.321844568367222	1.01643925911797	0.5105189331968855
-2.9423724928240858	2.7309959586716923	0.33280037062001916
1.1634347348617862	4.243152232428358	1.3140796613834482
7.937421120407676	-2.039461100742228	0.24738944429387222
-0.6267971327664835	-2.132888645544481	1.806163637138277
-3.576355481431559	0.5994459565884654	-0.8228801824082198
-2.7628809000343098	-3.620068259189658	0.610298242576329
-0.5090742571119553	-2.3318188435635543	1.2677172010645823
-7.230253493841351	-4.423436326735177	-1.1754789699188162
-5.725846516694969	2.0296474617862845	0.8148556136729305
11.018086694673752	-1.5014290325494821	0.4466774541120879
-0.6931936140046145	-2.816967375997455	-0.45654438306383077
5.437010145516129	0.18544164634406443	0.2519584317995571
-3.7427371092521566	2.8348118510670286	-0.8559269044957464
-11.931946628257746	1.1432298792268436	-1.635153438497961
-3.408988089157625	-7.555762149321987	-0.38558693989689835
2.285138756307044	-0.37587523021164726	-0.1965791815238696
-3.519612583595694	-3.586131944581494	-1.2146049649538568
1.8017995338561739	0.9388945841338873	-1.3922370722453454
-1.3278310824971327	2.6797061109602285	-0.8180332712870425
-3.941246828864343	-5.976499927735775	0.002416343219051542
0.9450674504961756	0.45760158276620266	0.7938100944273733
-5.014155225249498	1.1987129350052772	-0.24245432510000633
0.7060797755389758	4.4604675236911655	0.5393561827344512
-1.906634178916108	4.591926025207888	0.31562378262441343
-2.199154447792879	1.7856602198587073	1.2158561142943858
1.7299065359805073	-4.629822928023944	0.4181174082912873
0.6668706776657579	2.3260328264470003	-1.0404202019463358
-0.018025001603025434	-3.465645099107788	1.6215513804497026
2.312227953177043	4.048287485328051	-1.3889098533871425
-9.051219233445234	2.458627297094888	0.9307940684322156
4.801163552832727	0.26186089817152325	-0.251031737763355
-7.427157769312424	-7.158003936519403	-0.12720174583594657
-2.1586876427539874	-6.940085396227173	-2.107806396383299
4.089589070907716	-2.0973055677384234	-0.9500158828626868
-0.06686498511164564	-6.148313277782558	-0.1359234355702886
-3.4368012902831064	-5.422190306125155	1.8667325239168697
6.019488062580774	-1.5116744904757176	-2.2440406275120766
-11.664384168125368	-2.688164867727642	0.21314962731926948
9.58384439777873	-0.2881641356577952	0.33352983767626065
3.1328491294347813	-3.3779777708491405	0.4594963978719319
-2.1823185671263476	-2.2246017216124767	0.07053042254111191
-1.5474385628895488	-1.1475845086653114	0.2633407525999909
-9.062095029682823	-1.5539964962797161	0.3009860744845518
-11.894872468033874	1.901117624792809	-0.592219579754398
3.0278245182512937	-2.2486337773939824	-1.1716986233322046
-3.319836104333496	0.6220908198943499	-0.5664384305875644
4.00505841575243	0.6716851531947045	-0.18276863130821522
-2.480562897567524	-2.0304466276653246	-1.0123758009833852
-1.355103646289514	1.9728528175545226	-0.395174839952029
-8.59938640806688	0.850324154422153	-1.3067056418819767
-5.8524865474810746	1.7413889690366187	0.7183981358155604
-3.4599084967481444	-3.331658609978763	0.6474744576719721
3.91515561054729	-0.760597987243022	-0.025812376848055128
-0.4001816963213526	4.375824385414679	2.205518484435625
2.6799184936934406	-1.6923928586003019	-0.39496761969484034
0.46248111622082005	-2.404571368937086	-1.0486166044842367
-7.033538924315394	-7.582277574620336	1.3045577365104986
1.22448563289807	-1.085609518860986	-0.19576547588874454
5.620841270590428	-0.6808603606913111	0.4021625909585222
5.344134152767468	-0.9536484741514181	0.16332348314120507
-1.2655599787506526	-0.25186579621694183	0.399958136820027
7.898474561845718	-0.9114647471693532	1.745528864966192
6.135829120354616	0.5726876299776035	-0.050439282738304864
1.2241908837199902	0.06452559028384701	-0.19468854674651156
1.733187031316761	-3.3118830976624505	-0.8197179251616964
-4.647398327641509	-2.6170623153869057	-1.212986027158324
-0.783581348072745	4.02746600864986	0.19075314366310647
6.060632114490093	2.627754795806621	0.9047224252390487
-9.154941330257127	-1.3774533134201272	0.04462694348266019
4.764704704241564	0.8602812155642561	-0.6319008932621646
-6.27430817205076	1.737890486453446	-0.0584349387210237
3.5125994651676096	-1.2387438083618627	1.2421053525957635
-5.201723130219417	-0.10838448800451947	0.045888691848053866
3.852716902809248	2.3859196172355093	0.3637744919177805
-1.5828683968868316	0.9922551956142381	-1.4295080659125057
-2.0123064347886075	-5.954275355919058	-0.15122986253503964
-4.102115606462779	0.5653041031091117	-0.3311103202942517
-3.38713493644984	5.774570707725849	-0.9659461093451417
0.20182861746907305	2.75494534705049	-0.28381019190661255
-1.9912529888257073	1.1589546649304154	-0.13235576963210588
8.110001444375882	0.740816094378095	-0.49524646324547655
-7.2109115064657825	1.6204401645557867	0.8101662922680183
-2.428313657543733	0.5988751260430136	-0.04787360162832863
-3.380233422705405	-1.2627498253907425	-0.5727684091762317
1.0221265497174574	2.2909563800242605	-0.270570743305912
4.162358786102983	-0.6884385432636042	0.5047116359524875
-8.303085326837058	1.322137501754422	0.3568530747779455
-3.656687766028731	-0.6638959021076052	-0.254887913023897
-3.447327392190469	0.8123211232236137	1.1516437327022035
-12.211834801106288	-1.4432033490923004	-0.4571197039517595
3.680861320093838	4.092342068538136	1.4544358832812305
10.025623756544347	3.720998475751113	-1.1746915384288656
-1.6646893503511293	-1.2576892558114925	-1.268834760081663
-1.7173173403208382	-0.4624748496467066	-0.7960721794299785
-4.545379981900281	1.8094104622414582	-0.6411673540432419
-7.6777813124642655	-4.320347989908147	0.22785631627217737
7.3441042026564745	5.329468005993878	-1.0110060591986907
-6.385600032520705	0.13409053928830986	1.2638326824661013
1.7319332432812264	-4.4848012103123445	-0.7733884426642043
0.17465473717217242	1.2154150672343003	-0.11181225093155932
-3.2334465097799763	0.6630932734716486	-0.5829517557397131
2.5798370843024774	2.3025509848612487	0.16372787223235116
-7.699961219374277	-1.63035249270298	-1.7060815287596287
4.090980439849369	-0.918733778988215	0.5073982473794821
-8.148989732028541	0.4093780634422388	-0.9028493307174013
4.98518336067812	1.6306862992335989	0.3461644857456453
1.5449089163131389	-0.7141082403907661	-0.35222588399434446
0.9695887388233895	4.666125321675329	-0.3879389611067093
-2.6227164559650813	-0.7799579369031734	-0.7682528324864759
-3.020720077137906	3.8346422548929886	0.7888957142943324
5.62151465196145	-3.816225153690315	1.8266021204650837
0.34051492857989096	4.113685148349883	-0.34729730855838803
-1.8067068567008233	1.3405245566012565	0.5622692864711446
2.211609682454455	-2.043982831523594	1.860934870766716
-1.8448131821375455	2.204266601806004	0.861373355914362
-2.047234563744204	-0.5680521665064677	0.719675379203272
-2.760823686783303	4.4183434093877505	-1.9455581583823391
-4.874163797900906	-3.4545747385382377	-0.11644126794560573
9.423108304120774	4.795633421087444	1.2168425523039417
5.7912168400093655	1.6153986242992393	-0.06441404545617678
2.883613436560139	-1.8760145545669817	0.8952017320003309
0.5784257095819724	-3.6537293744908776	-2.5557686720651485
-8.48934546982686	6.111004164219029	-1.1444772244371515
1.5949405667934111	0.21192652063767053	1.99235403394749
1.3324468698590515	-1.619235910748134	-0.4125362491529796
-0.3864869211457326	3.43490167707823	-2.597772505377416
-7.309497605466845	-1.9341918078141505	-0.17112499160999717
-0.8256004420096537	0.2832320498091831	-0.7376007790213133
4.431748214791692	-0.3501748454220157	0.3183654029599319
1.1366661160559264	-0.9604270307942144	-1.0563620528032924
-4.6192965350812205	1.446209363594967	0.553902360946398
-0.0017499193122344965	-1.5183022829803012	-0.022016745343279766
-9.697524428857028	-0.8790430212733304	1.7328801169984667
-14.540196219320435	1.5360576213738457	0.621725901561865
2.89420973498963	-0.11293924475709496	1.9149678876759328
3.891812261405285	7.203796200913038	0.6849420685203959
2.00165535341914	3.092586031360508	-0.157103862434201
-2.1323760943301835	-5.170473790607117	-0.28944162341980867
-4.539137761557698	1.6858130652952337	-1.2459408820864568
-10.525946848470742	0.004064163851797236	-0.7849784864405617
4.717937343681059	4.433922422747053	1.5167479423660306
0.9389336150832193	3.554577252425584	-2.2193163114820256
0.030234440812481757	-0.5168464367057921	1.0043310108745647
-7.818075564302736	1.8767874139420022	0.3265538997304841
-5.358431100277098	1.3088308919938274	-0.6781277177621136
1.8180746804576453	3.866360847366238	-0.748177859626219
-0.7165558439629444	-2.164138415350466	-1.0588311856153818
0.8944263131370913	-4.576438142039112	2.0012986642033535
-2.7000125897631406	0.07124207507385835	0.8079378625177073
2.518877389676068	1.061527578761707	1.3506048093822989
2.21357702201254	3.7258777362572792	-0.08648523832264114
7.41032835722385	0.565284821554607	0.8557061682432487
6.907408328052462	-1.7715406953753114	0.2013385481453876
-1.132554805146499	-2.111623286861819	0.5951412918712639
0.7399401057397856	2.8995603690309673	-0.0778175078945522
0.6586550123735146	-3.5642639491042916	-0.287588520767571
-3.1806004510585737	-0.6085718584926545	-0.5687178571053917
-0.6044609569481978	-1.9127236849739	2.4208458514357822
-0.5285400322707083	3.9124979648470433	-1.3608506070344404
-2.1105837328618975	-0.47571834809851676	0.7767158836384211
-0.9571691951275796	2.8010575897424017	-0.34570379530565903
-3.3919701702735763	-1.8843635146984583	-0.9908853635956073
13.392635848953924	3.227068865742166	0.7203590727749277
-2.2485920981165215	-3.7945918132362455	-0.9865984743065275
-1.6740104204601698	2.0845848158322395	0.9050980676037973
-2.0349311974704687	-1.5508170347379275	0.5685769669439558
8.521669510399914	2.455899815403808	1.868328290575375
-0.32605774472236976	8.548857326048463	0.37264116453875534
-4.963765835531996	5.7895422572705195	-1.3180996498581166
5.304017532546263	-4.808756691261085	0.4600858937991293
8.524600565811904	2.71718540166295	-2.1279002564435916
-2.6909529413268074	1.93357172912784	1.9230055167648779
2.7522505066032728	1.144563156659168	0.822565533187045
-5.495461590303091	-1.0732950685753941	0.5271571015944959
-2.661527825913384	-5.538602289154339	-0.1100656568010851
4.366141743256701	0.9440660129656551	1.9969997296569642
1.5950370261159708	-1.7390812844869648	-0.16571847349441865
1.129517617445425	-0.9687489504528907	-0.9620931466650521
-12.140780097814849	-5.842023716055416	0.6203785801069369
4.937861632664028	-2.7760670055299963	0.07189682798391485
-5.127554738148612	1.7665742840454335	0.9810235923754866
-1.2264706138664048	3.0407255692714044	-0.7373437508100689
8.284812889076228	-0.09097363663028786	0.733486949663923
-4.640191312403175	-5.690228209142952	-1.516729390929526
-4.783470031737479	0.9498629195300144	-0.4478056305295366
3.2372917618288053	2.753001772549553	-0.9820826238952048
-6.288939986691191	-1.1025183195352342	1.5641143374174948
2.4631796534564554	-2.6146509635688613	0.9388846471258377
3.1647171895716033	5.238907372643627	-1.307737946211047
0.4760229053059828	-0.8679978209233542	-0.01600729198041858
1.3777816044927962	2.5444917945074557	0.23540633383824877
5.587942680746753	1.1465394785805558	-0.9752047149146997
11.609656302877571	1.093255707935024	0.7270896058576269
-1.3340272962047528	-0.3446033541671048	-1.5278585443185748
3.049051668924991	-0.39400281453287084	1.1483446846582948
1.743105692380569	0.8554432237074232	-0.7771533049706577
1.4337978268072304	2.1762259243686093	0.3220931431007247
-3.474345263482867	-6.772738069315246	-0.4227057452100024
6.039623489905061	1.7761828274365867	-0.6110636496715678
4.509543871431926	-5.336475710861892	0.013174329632807073
0.7160041537563819	-3.213102969620616	1.0624078814313762
-9.213808457249709	1.3372417842625857	1.7033511258572174
-3.9354540160447513	-2.623046186126945	1.4509057592541275
-8.863916234409835	1.4595054389120599	2.3507858556838768
-4.5254991356110015	0.6753599500689701	-1.6988178522529065
-4.377700756249723	0.34883828461426036	2.263312930282885
1.2790520674967631	-4.092844818824774	-0.5980981830678691
-4.006573692444494	1.5851984807058708	0.5680235642895298
3.021918495007479	1.5634872474904995	1.0886826401471732
9.740959823255539	-2.0951565079626864	0.8497178064926858
4.671404731702752	-7.256790616554726	-1.8459430984821068
2.720931939434514	-0.6878287637211218	-0.42829163878946025
9.586532134397284	2.2753063743393183	-0.1742095669539704
5.239559196921989	3.9961175869481496	-1.0478523579733758
-6.653163431528959	5.33539019722024	-0.24984442179577432
7.087845999549619	3.0928267798907507	0.3161305457888093
-7.065516410026777	0.40258090790906287	0.8258972314829933
-7.662860708663951	-1.4401162675373063	-1.4662133064239595
7.032586721336168	-0.07517274492330979	-0.817878371422696
1.6769685185359617	-3.9275056069170264	1.1418501331079571
-4.977553929705302	0.8012393699748179	-1.2270052511942033
0.7730970069984365	2.585387537314971	1.0198476647235437
-2.764261306221484	1.035777137454338	0.1567685458382312
2.4809113548859028	-0.1837983230182103	0.7303548141931585
-3.529940107170673	-7.038312577587	0.013162640939567807
4.338549909907113	4.934384339277004	0.5393648762712285
-0.33953636171885077	-1.0372272293982863	0.805047081223369
-1.2462275998564503	1.5782299212273425	-1.6500322991894616
-7.27579353959989	2.2718389942958557	0.5541762684263255
-7.093454211505411	1.7261645785110642	0.7631608918716473
-6.069625533500551	-5.363726497217197	-0.316143746219749
-1.9024175092678783	3.8121966455813725	-2.099170017954543
9.108942091940573	0.894457921840337	0.41643497694070725
0.22608444393484664	0.9620913832189719	-0.4069900484086117
0.9142012985632806	2.7785986154298064	1.919400507031408
3.828414006945366	3.418989115235319	0.3424962376000153
11.689133872721127	-1.6072889766044152	-0.6205371322908277
5.288764467095358	-1.3738270992602144	-0.13045432114312205
-6.073062919462512	0.7664979365298206	0.1910102154089461
-1.4765666324979576	-3.2837162723733795	-0.48382470318777204
4.772785611242044	2.6292265145493157	0.8473126266745451
-4.151398927406483	2.366251694413982	0.972568430122458
1.3658827020077202	-2.271764956153791	0.16344126869056497
1.7647679338032976	-0.1109479688894267	-0.001612206196831923
2.471225439698244	1.1109867493815886	-0.1082631465574895
4.533083661843722	-2.641924764274953	-0.08710563163808718
8.394258830368933	0.32372201263221945	-0.5141735153616248
-6.38734000961993	4.87610468062748	-1.1103831469199248
7.527175583577803	-1.8333023836875824	-0.4316611650068251
1.43909655398001	-1.6414419438805232	0.9490016227340567
-0.023390135327157318	-1.994262680873478	-0.4859022604467765
-4.993067886704255	6.887784127972106	0.4613260310941625
-0.2289199738865364	0.7771993701827344	0.08569131710204678
2.6656426076696196	2.7507534074052318	-1.5299713794103453
-2.427485705007034	2.2474173642895794	0.33160751273821215
1.6803722157470928	5.712488435654293	0.28275228173048816
1.097777744718683	0.45672721431949725	2.275114079937892
5.766731860636475	-1.0201467559862696	-0.053212167271281904
4.3956148084659805	-3.0728312850774397	0.44531234961434524
8.474257136049504	-4.940071296192201	-0.4784495578344158
-4.521198282697469	2.940737885566461	-0.9535965761432194
-3.8495772532733197	-5.748044519314727	0.5586814293116665
-0.2426006783334539	2.023076570434353	-0.7869743994897063
-3.535968969384433	-0.15286986680311648	0.1178852405087003
1.6743825151231506	-4.424911586659257	1.094024463165724
0.24969408975785784	3.563043294294718	1.783338187137444
-6.524301003603422	-5.828247019378063	-0.8327268344865946
2.9277939535341844	-1.0176196396571462	2.007050213527947
-2.306015442880029	7.743666413553259	-2.0117341505026975
2.1890096323157775	0.06853936683701413	0.3271602973071954
-5.499287524050213	2.922980261453506	0.4680165846939554
5.521605826513349	2.41835286240043	-1.2995566139679826
2.6163307251035155	0.36823255684023465	0.435178164488564
4.490704627953836	3.06016740427836	0.047475024910587034
2.0147165221645773	-2.930709040058078	1.1338201136449915
-2.378212393640852	0.532301293650463	0.2508339063690675
5.824764255494226	0.7010896813103771	0.03531614693763232
-6.49844535434799	1.6047710262841313	-1.9207964732005376
5.55332981872216	0.4399594058016868	-0.21259167471954357
3.1247394629541554	-3.2498652856863175	-0.5238908831863303
-0.28400301936075834	-0.45522079918432923	0.4176676862138347
-7.394083612356205	0.21288070181535046	0.8403420983700296
3.8279262890418995	-2.9949474236851032	-0.1776557779333774
-2.730105463956532	4.419238347287164	1.0088718132435786
0.7948246020521508	3.1761575086264013	-1.9387731005760769
-0.640343555968617	-0.490538571451025	-0.6671781789732745
-11.523375628242807	-2.989927335037884	0.17381877206824198
-3.5751747142519665	-2.8861030254030577	-0.9559423872388627
2.134425484098958	-3.275443542120828	2.0040831298781545
-7.011972275147245	-1.891412620665818	0.5774261034347616
4.3832278719091535	-1.2638059795514307	0.31772128532301097
1.9846777005047782	0.9104211188481242	0.014895350143543444
4.608180826321313	-0.07149071276476553	0.6824336101832462
8.19442790862395	-0.2197519816968823	0.5156909988860053
-4.378927469236564	-7.813622742116923	-0.41339432907943013
2.5393739279173633	2.33020224852459	0.06849933580332805
11.502111277519202	6.730989914689843	-0.19121411687601494
2.927648457911231	-8.997113798328463	0.35419968623365605
0.2658267474958706	-3.0757680411035158	-0.9340723152990795
-6.605442064163284	3.532559570894895	-1.0929407679393988
0.8705163319306908	2.368173721548922	0.6360487914407565
0.9230309162239053	0.4895327963963141	0.9471352735591178
-3.179021527355263	-0.10979216632831873	-1.3909195530954526
-2.1465911855270368	1.7650947808900255	0.5992251114808503
3.3993348955769864	2.238989356678294	1.0597195645861424
7.267306205315026	-2.474328350234084	-1.665304721921744
-1.1025067861160311	4.058371977260867	1.7143691805170898
-5.286716462125912	-0.8181563192759197	-2.4848410209312513
0.494193795098572	-4.57191512145931	-1.3121837029448102
1.9044174228827102	4.555768865712148	1.0614421253356416
-13.37001476448912	-5.608709919474641	-0.22244618968173405
2.5132578724794774	4.055355825861195	-1.3304979666879908
0.16504515264254863	-3.5594993220772846	-0.7338957134675648
5.412962555325222	-2.1207128982499572	0.9784059801444256
-2.2954286160431554	0.44015138113466495	1.754539174804594
-4.195597835288478	-3.724243998725494	0.5885913848731692
-3.9564139969575334	-0.2473847665651776	0.5014294165960986
5.444486696503409	3.896053534924099	0.5466813144357888
-4.764923314547948	4.817220754932245	0.11505907626062124
3.682999412613948	-3.94746640677093	0.41749660601117494
3.6488259151079525	0.8088537261850168	0.9843448805387804
-1.1109947060165397	-2.251837455223139	0.9754313013567789
-4.880193431299517	6.33932175288604	0.2986121948971666
-3.040814846070611	-3.6359555551947937	0.7603573259899462
1.7104306450011286	-1.2854153513331208	1.5017989743996591
-0.4705906227545854	4.979710084685203	0.6468651504495874
-1.1389347080266745	-5.5477025916747795	-1.4380633919109926
-12.57592515392436	-6.4978824399436785	0.3000250810767044
3.8845767340296917	-1.517589218315295	0.6430960400830362
1.3451015464015714	-4.709978349038208	0.3629299886550058
1.438205577804558	-3.0306771037329128	1.5598831569204898
12.313802683937585	2.76964547391117	-0.2841615952294477
-3.9817745498179544	2.152101724887091	0.6826752225907432
-2.1051993467500636	-2.5663216833492175	1.0130605914838902
-0.12593626977872702	-0.5785233787258682	-0.5988020405462473
15.241890598176193	0.5477702921038919	-0.774333328580627
7.3958646775752745	0.8366765217849534	-1.1764611648418175
1.9721484464504322	-1.3295291444076756	0.3711131101252698
2.5053179728649457	-2.997305354236098	-0.20232119696977557
2.276957363822351	7.7702707182078115	0.6850633779190494
3.749462934084416	5.540629548072526	0.4829572815520606
-2.4244169804226408	5.397106292878439	0.6394856575610237
-2.7826981516597202	0.37796396970654855	-2.278313535856328
4.337582780645921	0.5724450259850727	1.634561968971088
2.6140902799786794	2.196043438186662	1.2411523218719436
0.0734269530776072	3.653924040021251	0.10021093422153463
3.5578748255650643	-0.5213179433671056	0.8690844639207762
4.848966402596896	-0.007651863689527843	0.27898659080202226
-3.078075448477271	0.6590487824592933	-1.2713466045497683
2.7602264511804675	3.867010489931143	-0.22191743733709382
-0.6750833162230763	-1.9654951081501397	1.534738030774927
6.792004703564796	-0.9689751871522604	0.27897546652896626
8.322692636540488	1.2330919749374838	0.38907634723107987
-3.53131624381326	-0.12902311670630212	-0.8328225237146748
0.5705211217919877	2.841185318768356	-0.8895318253374019
-5.344282370656951	-3.4570794836762357	-1.7401582254224621
-1.8021000069940805	-1.0070931657736142	-1.483452017687689
5.505193420505963	-2.126785865839328	1.1227454063708926
-7.64391455143134	1.6720027406679692	-0.4147958528935363
3.0565383821413254	2.7370485905908355	-1.3718128136079177
-3.176881030474105	-3.0168024932960704	0.4272787968628037
-1.8506862095235141	0.906878859649686	0.8360747540227969
-4.19242498978908	10.145089289749903	-0.6038233222604001
-0.8969254288745918	-1.993618295595301	0.46623876658926866
-2.9243663601274346	1.2358811426360112	0.09465584540935114
3.2406171550382594	-2.2329512026623513	-0.4630806456294117
3.0584045858811737	0.38635926832496603	0.8062062283772878
2.6033237483317047	1.8129151085878297	0.815425693547306
5.90666354563383	-5.703959826784768	1.0219107608940485
3.455357468550897	0.5534631496822618	-0.5924464619138836
-0.08388732858675324	1.8887413455724094	-0.11003598640266435
-1.955931594749218	0.06196336688097273	-0.7991704138994826
1.825694105264022	1.4495844181757847	0.14106288716469578
7.577014632416212	0.07763253961862418	1.3621304636887819
-4.898980523574414	-1.8492562955461405	-0.5596924976681383
7.752098860134188	4.89518324975756	-2.4582240212737365
-0.7341494421547666	-4.034963586218296	-1.0318401119567526
-2.2673082003436735	-0.3415068290228568	0.585044728337429
3.165216060829436	-0.4368253807022795	0.5122493339441084
-5.380459350388401	-2.7228502298266766	-0.028369662637873997
-2.2377055829732093	-1.2515165906485184	-0.2837275696672084
5.553100862274183	1.6967614077256454	-1.0039452497363448
-4.326284545283464	1.9875458320477262	0.8341622517812223
-4.1464577419981845	1.5751109735206477	-0.7339505675673662
-2.386232529390741	0.5490046239589439	0.6007502105727746
6.676175007441847	-2.1645195748052113	0.9745604739797661
6.799174332174761	-0.3036529526389248	-0.8201120478785986
-2.6411527420473395	0.4899581091254473	1.2619266374692903
-4.68914043936339	0.2309579291632382	-0.7263740048743768
0.15046614512963252	3.7451638350451626	-0.05605216969632133
-9.767647005933338	-2.9519827103943195	1.135747788537215
2.9440782585428176	-3.4326655775319876	1.4750417069757278
-2.594847576527291	-1.8388072742479205	-1.2269969059219288
6.270437993578433	0.5277674097246612	0.5547127576441274
-1.4963451038188855	1.1053844799046724	-0.8648142293398321
-0.7020674166442763	6.881988005119917	-0.1505660702994966
-3.3490211886446204	-3.880157954580313	-1.3101247984770177
-6.911654620034499	3.168938496601141	-0.20737295322540533
-1.8223269696599718	-0.3390506266168696	0.5653849938092343
5.69519706040974	2.4509760409906107	-0.7928632008629181
4.517869536893747	-1.7076018980066157	0.2912423613977738
0.8524181523383187	-3.703600226515357	-0.1863424839499299
-0.7616638664636726	-2.5187728837478707	1.3154488151473895
-2.9228470915850595	5.041434853828995	0.10901876445503127
4.0480516723322255	3.208910690636836	1.04468950453773
6.730205157940839	4.752971221134711	0.9552013835407189
1.492329491804743	0.5347062724628947	-0.09801055246226774
6.956473083833565	4.0871778202937294	0.0768053802466927
4.19790516230398	0.4543442388655168	-0.3837630692748868
-1.7731844497957627	-0.07886254145917139	0.8070170275669194
3.8508903222358084	0.3691682327348019	2.056069663258869
1.593031149116215	-0.030770584631181427	1.2488481900121073
2.591352910042968	-3.338001634914126	0.11102150915359359
2.3277298292490047	-2.3955471712254632	3.075110496806849
-8.42614441014491	-1.148891464742778	-0.12441636815684372
0.4626117198047642	0.4599063649709969	0.03609947558037541
-5.562553863218738	-3.6960495989541777	0.06756068120049498
0.8789306632786305	0.09224857577540019	0.8616490653630913
-5.789989409216365	-4.563162631242106	1.0143539779377224
-9.826419928989091	4.0298492439165	1.3602811394194545
2.357720740506916	-3.99693443534474	1.3117241663775063
-5.319119523804423	-1.5489044654371562	0.9558114214916822
0.4605754052766049	2.9865014310294926	-0.6387930147770415
-1.8686031377394583	-3.720741389893175	0.08365666665634362
-8.859455279104086	3.5945363029333532	-0.33891579234007535
2.115494816474874	3.0313562190714354	1.211285831132655
-1.9972927572737433	-0.6561507599518686	-0.6401555257392976
-8.37570857630729	0.21409901568198442	-0.04931821774356107
-4.890332097468111	-0.6624029925800757	-0.7410644891639253
-3.1715438216100447	-0.6415952576945165	-0.5812092121407078
-0.41413574114698765	0.4042338295092147	-0.4476419291659727
-5.878626623911364	0.8752134030465266	1.6419762700590677
0.1249739761240748	-2.409515308210314	0.22878613198109582
-5.7227403529539895	6.0751633713618975	0.7281117794996476
3.570678259215252	3.8994917874105504	0.9566135693675824
2.813655261086882	0.4673452981386287	-1.3280459273364122
-5.742713837661299	2.244087748913884	-2.2148532657812035
-1.3065636402818257	-2.556348902496115	-0.5510715335901881
1.826677849691731	2.2668529076975874	1.2416894054911134
1.4667185343344082	0.09527284639295411	0.24170400910631268
6.889832689976546	-1.7308169439665586	0.02973409904301786
-1.2415962705241341	5.328195286122009	-1.8419949915351344
-0.11857785727638168	3.084349022617552	0.6907418085506952
-1.30841936334416	3.3174744387858923	-1.2964793723969277
8.582063581977167	1.6101000260464509	-0.2614835424968335
-4.931636604069113	2.6442860737870664	-0.6969244432138918
-0.1444570676334721	-0.7651484104252764	0.45168559735937885
0.5764064152173085	3.262420428703387	-1.6534128723649013
1.10196351614673	-0.6551026506097359	0.5327666107824839
-5.109502396497733	3.7017825070704977	-1.1882913396454269
-0.47397341996554665	-2.943462645305016	-0.4187597349863075
6.528124042017617	-5.670959308169364	-0.3274648903090939
10.39640460403586	1.6531089492996283	1.619821714697792
0.5507186219297733	-2.7450832150039717	0.5229665791320516
-1.1608101698485669	-4.519886939988588	1.2156540016406194
-1.1844835586704887	5.058857296359921	-0.3258532276097323
-1.6813929363517204	4.907287996230744	0.769584119165893
5.706235676677055	5.868494210790761	0.13796953287563615
-3.0434706418903628	-1.2244133306695635	-0.7884064322229566
-3.0043630728670596	-0.10441408085116838	1.3501724345402857
-8.658181416656031	0.11086304452046587	1.1871607009474192
-5.082363725462356	1.8634514724622404	-1.0524121073307655
8.190626602527601	2.8748194257484228	0.6577162750400943
-7.1105863685020365	2.990471168917437	-0.350007690524026
-9.216857925436843	1.8958126602717047	0.7201916465591363
4.444490483123715	0.1718112964363517	0.08324409838588791
2.5653979289398237	-1.0050803936764758	0.24729649753957916
4.695848269832615	0.34744291738609534	-0.43563567217559246
0.747789990744661	4.572479012617679	-0.17023042780194314
1.2652862560776152	1.6326452634754602	0.071593329588082
3.708168966242388	6.693387074064432	-0.9610062480908885
0.08172517422130307	-0.10478753884537942	-0.356110728679256
4.537020249512639	5.303877951463407	0.8191454278719635
4.68144256416675	-1.6698858622626278	-0.7869753242857023
-2.870954196387496	-1.0133826047516776	-0.6384250462556342
2.715848349704931	-1.4203116289597895	0.5888128696181805
3.383351644892118	0.8650974983374669	0.4234118224459361
-0.6501048000070113	-0.308665427768694	0.6905748405004336
1.9478241649192864	0.6400444183389838	0.40579724976033466
11.20151193975213	-4.570268770277687	1.516053361539552
-1.3497796318432729	2.4697926095414546	-0.6364744906064087
-6.337432709685034	-3.9194959042161477	0.9482089941547798
-6.416228625136693	-0.2761452585153239	0.19360645560145812
-7.437674193821583	-2.0623655785944726	-0.7436456529713396
-1.0445993513434684	-1.3984436354326955	-1.0190997819262382
-8.418631267318835	0.8841035042786591	-1.3587952433727586
-0.7675143417080792	-4.187731104643151	-0.5788673691343481
3.8895597300628255	-2.2679657936175843	-0.09986180567665733
1.2653396988588437	-1.8627645473056686	0.2630524065116245
0.5204778873976326	5.415490005509152	-0.5607874491632252
-1.8249536620920805	-2.037350327656582	0.5629531354064665
-3.801013935545072	2.472467389427794	-0.27375903851076555
-6.193852535265862	5.134545319121576	1.4133281625723255
-13.293155216108827	0.6810907694867642	1.8411774636995433
-0.06714435009850095	-0.4690162634272509	0.2503751918817049
3.2914854404745113	3.177432580230386	0.3453287195821354
-2.423142488746248	2.6240864948535387	0.7198110890199959
3.0818858265262694	1.061636933632807	0.4332889813800729
12.16421043000675	0.47446428003704266	-0.2269141807825928
0.2094824519436991	2.2318698637791465	-1.0805208681537086
4.098990050298219	-1.0116518915392871	-1.8157208155360915
0.9999296926548328	0.7907103317532418	-0.3554862053569391
-5.919999587006003	-1.5197261088586318	-1.0154692023427336
10.524683016834231	-1.5139749442070123	-1.264400467695064
-6.421546417752034	-2.517231499881555	0.07579969986841655
-1.4447176731585953	-1.8783426483151722	-1.7935889336000186
1.473123640033549	-0.36985742572225383	0.3167284000317214
5.711666647716075	-1.273838315538353	0.029429651425321147
-7.4455700995767815	-2.6078242995133305	0.39004758051254357
7.620867359014893	-1.6168614490335733	-0.6458256941768934
7.825527220946094	-3.3910317376495387	1.642148530072144
-9.892389848874108	2.842879512210611	-0.8900064737004464
-0.8903505314210881	4.999288007987404	0.8392759171484723
-6.187589824394951	-0.7640106728020315	0.729934593932737
7.932957193777096	1.4105401973893534	-1.4478003355008158
3.0502783743508837	-5.112260457648967	-1.0920589354642174
4.9578494060206895	0.6618291901863602	2.6835222743333067
2.9122704461798627	1.3509064539865185	0.6870491685301111
-3.8902509551578563	4.194381344119825	0.71906803108764
-2.0610757607229067	4.244676002860734	-0.5713160131099677
9.283085141727218	4.020170185314507	0.9841308423460094
-4.4312930907470225	-2.7830226482794655	0.4849794330367033
6.805747445820006	-0.2178261424089387	-0.8719677965255032
-1.0904884780900095	-1.5508263141930554	-1.2101816641752856
-6.202444735978582	1.3327403095943915	0.044736321596143845
-6.773279638746443	4.939991117420567	-0.22711411523900862
5.962680062519608	-2.3636737088777084	-0.39959528547226675
6.056268199390931	3.2943807472340723	-0.03501887275296743
1.9480566015498786	-2.9468271591525808	-0.5666567621801913
3.5713636494854057	-6.2150923514601075	0.5785944733648538
-0.9238320015035718	1.3503866285418258	-0.3543160876051736
0.16813238207896114	0.3851118831165758	-0.3617648950182938
1.0768776905283448	1.4646239748930938	1.2492813902452802
-0.44794548095794273	-2.5955732778319835	0.10873388541047897
7.904589822159069	2.3761293843160733	-1.1385759645563938
-1.002449106075608	1.3234471992518115	0.9341143451310289
-8.073102897216955	-1.2384147408430315	-0.2904401047663076
6.2204428289798885	-0.4751938493243483	0.15510695661880824
1.2940956447946828	-1.030052916842813	1.2674248322459607
4.800709329419593	1.597788672947702	-0.16080563072877116
-4.175520544211489	-0.88661802595744	-1.388002658420538
-1.7349916546345563	1.50874967771664	0.32832460743054415
2.5191378379946325	1.3770274366053399	0.9778012852483965
3.324556559275469	1.220196945343407	0.046870045566156225
5.6341694831950475	3.702498416350737	-0.3225515638546273
-2.100864710563942	0.021831588373338776	-0.9028912616551011
-1.8826556272412218	-1.5433928051365449	0.46833095347667353
3.471721904958786	2.590749700595656	-0.7674460978818363
0.6022933436587609	-5.045836500245618	-1.200115525674932
5.536652773045744	4.418836809287595	-0.1532497697200007
3.670772488972492	0.8279335771603626	0.586848543459962
1.955738863690661	3.1054948568664127	-0.263652672327474
3.556526913835127	0.5400774384577391	-1.0498870579335828
-0.4199667505498928	1.6105538178432177	-1.2883391954185512
-0.3301563927476112	2.934183211353402	-0.7267941384803818
2.684426990854187	0.19203018442165898	-0.700256173032789
-2.671571665563424	-1.3240286272658148	-1.5569291620900263
-3.757745274447702	0.20966861471923415	-1.0350219687714852
-5.425929703183511	-0.07658146371723107	-0.31251928079004
-5.393133498845799	2.1876343690326	-0.7717578858869346
-4.594672438246393	-0.7595531036860066	-0.0741494644900312
4.164100797924654	-0.22097696022076369	-0.1617340852625813
3.4708073267920607	-0.30811846255596254	0.0008239733705512652
7.253209510856069	2.7123343327679668	2.0270707342998917
-2.275888639982332	2.586598045853415	-2.2131161155507892
7.503076815787811	0.8160589729082637	0.5127340658624795
1.8165425749348012	-0.8180931836514964	-1.2902267277961297
-4.214997027080977	-2.4643200062671435	-0.10590835149657271
-1.7368105205350495	4.346332273346929	-0.8815722128834476
9.121145166251402	2.3613508721440675	0.8912007733824271
1.0422030340570558	3.8262432050881463	-1.5806262716322923
-2.444316529152738	-6.802860834903894	1.101153900623414
-2.674426501555382	0.4344440234710768	1.9347382426940818
-3.0791317753477228	-1.9453713399917572	0.7032954141627222
-5.40681082870808	-0.5002304909610509	-0.6679423694202671
5.210204459073761	-4.015595439286545	1.8966134617439514
-10.145753198920637	4.931465349122402	0.0026173601332401112
0.036976256922504905	0.35199092455918385	1.129540210907039
-6.576139940559283	3.9962268761141013	-0.31337525668471655
2.22726548497341	-4.052992793757065	-0.050800948181639646
2.6240351714266734	-0.9149122312924429	0.028243504321928452
1.8176121573482207	-4.22084170027961	-1.5170544903304855
-5.518819565235233	-1.612555621231567	2.1924015550788933
5.34385884638484	2.723109693595304	2.842167651115618
7.687826237264405	-2.7310374784764235	1.433805360740569
1.4343241229098935	-1.7111325846827086	0.6996934153577571
3.1363178961488405	-2.842206659070478	-0.5648004844649209
4.337055794485253	4.217841600274995	-2.5868274663862016
-2.1870751288961303	-0.28570174024348133	1.0362810032554481
-8.650077870857146	-2.531498599618808	0.14441514000078637
0.7493367604011583	-2.0098583823060996	-0.3036411495819417
10.322906209032727	2.6783011981983473	0.18808731364698195
-6.967364049306591	5.468387790594578	1.1656884845351823
2.9304725135562757	-1.2247209057381638	1.4233756994845688
3.833094971863535	-3.1279574347043253	1.2170425513369003
-3.530135635789842	2.7302699646701893	2.3187307837958455
-0.9332819974512496	1.0915494433559094	-0.4915076182944412
4.263357606804686	5.67526205544114	-0.1875781026229278
8.845288998325792	-2.740720176128373	-0.22168086832698583
-3.748892266400431	-4.283903803667917	0.6613656466668462
-2.0262858625382076	-0.9864225868129737	-1.1766334528156235
-0.5026074828909977	-0.0596985454856063	0.1092826490073964
-6.033464693034539	0.5754314250306338	0.9017171990120983
-8.52813824927025	-0.9611063220618505	0.8186197142124155
-6.436151285873982	0.41331554388484826	-1.3725922152697658
2.8329773193737697	2.534152696665605	0.749904809660353
0.5176414500466402	-5.671008427569584	0.7622184281768244
-4.666950362239457	1.7659911189202218	0.04321400786576246
-2.7310894495708986	-3.3445215893272184	1.3576622033219488
4.222761906006354	2.3876780777699502	1.7815227057322869
-1.4949006509562015	-2.738647983520839	-1.042317121389691
4.62454978951149	-2.6172027890776866	1.479030632104134
-1.9370850134847106	-0.20408026355320308	-0.7529327580547491
2.5090598602532364	0.09743307878260213	-0.29969434195656486
4.353576773005232	2.6124165370190644	1.311213076593927
2.1031613613020648	0.1687877558986942	-0.3038691654017467
0.013801203680064746	-2.9712155851960795	-0.9560190381262774
-3.2939960084849904	-4.006673788344488	-0.20480684365503452
-7.375460966705094	-1.3788941077599988	1.279259679863466
-0.7260904652757614	-3.736274623683232	1.3207462026372003
3.704871811745936	6.182022042065162	-1.010372257968423
0.7335082085031165	-3.828059008136334	0.8738662336238814
-2.255406421828292	0.826943847062947	0.026188179849363977
14.382716280648896	-3.4601616527697434	1.0005741664988004
4.450583194274619	0.8131939989629469	1.0094664514497005
-0.8037240706578307	-1.20802726257181	1.388619363740647
2.5664648773767595	-3.937522947534871	0.35340310056812096
-5.58964410450044	-0.5664628867690347	-0.8670714470178121
1.381373346507898	-7.634934976366767	-0.945346314850214
0.20678577033773698	-0.9507865827403077	0.5601949516513847
1.6662325723681957	-1.564385359036125	0.748338673570829
13.592260143681846	-3.9199458356976087	-0.06770984681214805
1.1810038277142978	-1.1028279248424433	0.6726570902797882
0.12763374687356824	0.21682107848338572	0.47523789554721985
-8.015448812390565	6.595638949652333	-1.144475274064015
-8.35495296577083	-1.6119073142198412	0.14803935855692243
-8.926478719607617	5.556169372534389	-1.696294704544082
-2.2075924275931227	1.9595810481004121	-1.119532230876796
-2.018943881352523	-1.5347308581931196	0.7123584658536245
-9.265417367513336	1.3002356810788829	0.9008381634049362
5.873587296117481	-1.6901589347750792	-0.4730485392990211
6.924086446612659	-3.3377692203057077	-0.788828451487761
0.47464787750252935	-1.1930149493709914	1.116183806199784
-0.6734605849203827	0.8935929045827546	-0.44469105074700327
0.5793379286731278	3.460289694489952	-1.0763450812267408
-2.676504962859349	-0.23138745142226474	0.28278240736315713
4.5381580944335305	-0.8723645939685283	-0.7140371393303373
-7.166851117049884	0.5911942747953469	0.04123906799185496
-4.902630958287373	0.8218227439889233	-0.11617078049214986
8.350911101610459	6.150056901656767	-0.36160057998365164
3.7770036362033297	0.01446892673085813	0.7973493643993594
4.586789488304965	-5.474505118835429	-1.1435759298489427
1.6627016018552243	-4.904192986579588	-0.5149576967990133
-5.485226654125724	-4.750734940355693	-0.33248918695088947
-1.062654113936081	-0.11791576589834606	-0.25984423447035304
-0.724638040177617	-2.7200199924398962	-0.7449348379154503
-4.234167253264383	-5.678758316165499	-0.28677616474386847
-0.5539743106442037	0.9242916104489007	1.271947048307758
-3.5247339049492767	-1.8746866837989913	-0.6801537700402133
-1.1045623814722012	-4.041479969493462	-0.23085718156165522
2.126581699171411	-1.1227381822930742	-0.16108754730507127
1.5505566853549504	1.2872564603334373	-0.6157797365906039
-0.5762057139455163	-3.6001435476185257	0.20225946296332478
-4.504128817324175	-6.280143522701179	-0.3724442292098693
2.3188321491906847	-2.448067422750501	-1.301432520219337
5.07048569093577	-0.9442244235636807	0.8577439142817374
3.7114453917103765	5.5776368969202235	-0.17502974080008465
-2.0800324499802665	-6.8125670635992	-0.19650282136886277
-2.6767278230140716	-1.1465893321503802	-0.4095053412254858
3.9197971172609094	1.590961070844271	0.02455450682702251
-0.8309721270674725	2.787974211485059	-0.8759116920439775
-1.7340725160841313	-5.242107023895734	0.5265038114408331
-0.5802944776720419	5.835646311487276	0.9901306670179165
1.1850428118417666	-1.336869672222786	1.6214102735640654
-3.2291340277107423	1.2666878099677044	0.5462523703746155
-3.177637486720414	-0.4005225593535374	0.17428447980491757
-1.7644948536392917	-0.1987352711894136	0.7791179577409221
0.7072786735843971	-0.7720762063768356	-2.4428026040084254
1.256181351110225	-4.7040408312701985	-0.1947066704333549
3.844183439600818	4.048537097954941	0.739386034572258
3.561045181613553	-2.1388969078191904	-0.0966564329687936
5.2886869278771345	3.41524050230862	-1.4951325274583767
11.444139825330337	-1.5768819384644783	-0.01276697375859334
6.712528227176666	2.6538741715110503	-0.9043324027810135
2.849585445219909	-1.064800017280847	0.32131132443887384
-0.7898566701954014	1.7256613029328607	0.06508267423370567
-1.4648160817402824	-2.5318011369577533	1.587535883271381
-2.6307520827946345	6.08482988771318	0.8278914823338142
-0.26097902980185805	-2.8593931706770324	-0.05039898836471279
0.557973143699928	-1.0813729762106894	1.0753708060116434
3.442449180248092	-0.3170616255587595	1.1822292412716744
-2.983298553517868	3.7495153789762794	0.556438638669644
8.379734330845718	-0.2595234016679623	-0.6100099713576156
-2.4478635780629303	1.3728053796272115	-1.018856357273935
1.24204465590702	-1.3574336066052495	1.4030023237418727
6.6427131650355165	4.629538555450909	0.4733341727654155
10.081996418576509	-2.642029133911188	-0.6845462161882111
15.971961376471368	0.3859924482653395	0.42566062409588856
-1.0193097504802304	-5.439108010043401	0.9020164007952427
8.874562781686636	-0.8961065738132543	-0.1921303663231516
10.567293078202296	2.9202936719210686	0.9888693019340754
-4.61704137913791	-4.424786701753998	-0.6806936083538143
-2.0176315136553185	-6.657509752991109	1.0871341448666532
2.504736110217972	2.007386650373875	-0.7571167503150179
-0.34599023875685075	-2.2053016034015545	-1.1324697259794037
1.8184787871708321	2.2428914098275836	-0.11570923215484326
-0.55184522883874	2.5618827678311376	1.0961528827543994
-2.0254377604711897	-2.9850504461546983	1.1387198300205166
-5.321345065168362	-3.7022065589349786	0.08566046206457519
-0.2806957092177429	-1.4090749381652445	0.03133508134804401
-7.872643477234921	-0.2925149994850728	-1.0233568258030652
2.6907033593111036	2.81507689626107	-0.7803874198677307
8.665045488090087	-0.5159329526024936	1.4017818663587167
-0.8559712268982547	4.600918218088523	-0.5998661942847571
0.5295041987246145	-0.9288363934066248	-0.7145211325185763
-4.644466462408129	1.9733613275531314	-1.3811734178008337
1.291175344389809	-1.2352486743134667	-1.2125523003951928
-1.7005897404809684	-4.257031896131328	-0.36736803670779256
0.3204911443597751	-5.290001854914313	-1.1852006224468714
-0.7906332858727065	2.049030620906977	-1.710694018898977
1.4982610202264492	1.0747184019752969	2.8051454163260856
-0.45274802957785076	0.8849197062264909	-1.5060412861162342
3.161416515277268	3.552165860251117	-1.2103836784654471
-11.45650590286527	-1.7585688604028729	-0.06270994040453479
0.6493424450798359	-1.4607376314629308	-0.9529172689399117
-8.279213040801544	-2.9486193831112666	-0.5116515976045167
4.182312879403159	-3.4521567938792064	1.264718936422833
5.417819044924085	3.0763159308600114	-0.6595186912102003
-8.286504233782711	3.674343800893955	0.5480211376143806
-1.261887674902582	2.2151756416495303	1.0282273461168394
-1.528612591479961	2.037769218191768	1.5289064009760296
0.8821492703231422	-0.012063211977138864	2.4856885604708747
-3.1275814947347103	1.3755479330763993	2.0586742110919496
-7.144548004024614	8.65523438604318	-0.2987981756220937
-0.4864201566602678	1.352732215089213	-0.03771425787991216
3.86181561463415	-1.8617517909909198	0.8774248016356401
-0.4336432987316163	-0.6413840377902378	0.9202066321873295
4.038516202506851	1.6602830284189576	0.877407535139313
-6.025488495445882	-0.2942258497199894	1.0390555624557754
-2.4692921553533784	0.14905970626578924	-0.7736227610767046
-8.363678693576912	-0.47652607682516684	1.155805433647831
6.002233107108141	3.474690768342955	-1.5394565327658607
-0.8795528804401181	-0.8111927273193251	-0.9745778100257202
3.2800587041286993	0.6747180349630924	0.2522081806739536
-0.2656399668271858	-2.876874197988139	0.35509973429068875
-4.218794926907348	-1.703033865084944	1.1433522590889167
-0.04343355759387397	-5.294790051590448	0.08103010356328069
-3.6363499099878305	-0.3078037491831542	0.5716467352295656
-4.652006286747321	-1.5032002764517325	-1.4691311404906169
1.7549350912595805	-2.466639575569568	-0.14075650811982668
-2.0904996172430907	7.540584347138984	1.2812306294074978
-5.797235511683091	0.832498618597943	-0.014405328250603434
2.6979695124600367	-4.473652137755552	-0.8626981502693473
3.5946647544980266	2.060573197371115	-0.29495772807117315
-10.722058323163697	6.013474394305629	-0.8618136067813693
3.6158710819338435	-0.9972718475209285	-0.06581292748419199
-3.0735376994318857	2.0352895020316484	-1.4315783281659538
4.044418915049568	3.274412823617909	2.2782205156207516
-1.8233845644485789	-3.760749717982064	0.5707153857365376
-2.4616877043190737	3.7103948752620006	0.2323406322328877
3.5783035915440244	-0.7173332987846338	1.356957356336311
2.1561423613986506	-0.6565583966636634	-1.1527749312702578
1.015002237327282	4.619273828950936	1.2590315227056272
-1.096735590023435	-3.6956433849568526	-1.4540568776377762
2.314338959275205	-2.3153641158083804	0.9106615008282632
-3.6016408698116726	3.442389074994753	0.0434893837818307
0.7726350406359872	-0.04116894214303823	-1.7923730578677142
-7.097401783314769	0.9180484835253864	-0.299560601013304
2.32208748514728	-10.647289986095693	-2.310615174530822
-1.451193031863526	-3.208327248586986	1.9250485083170523
-0.9811157180281551	1.1531421653818748	-0.05968136924362875
2.7551874711705904	0.5003576790569271	0.698275087413526
-0.885055369752184	-1.852324455680459	-1.5491978937811193
-9.207025228591418	0.5961982849989054	-2.116155417667752
-1.0728109452998005	1.0230711472654919	-0.6591108402889467
6.243649065712477	0.886760481415314	0.5026865703431915
5.767940978125373	-2.461190953548767	2.2848398172125153
5.071679858897472	2.1540473006851584	-1.8188970796300041
2.1463218988278947	1.3986987329379872	-1.1395222647611354
1.9607716284715053	-6.160413337219451	0.44325814240990247
-0.6879558803246432	2.4415551026786377	-1.081348294291731
1.4922021512726578	1.9864309886572218	-0.17070720241292098
0.17626688202430774	-1.9850383401543557	-0.6096003804930974
-1.5085799320518039	1.8590399107370743	-1.1331286962843103
1.8367757108532292	0.4974919207589993	1.1086394725308426
-4.011859826208566	-0.625561318025991	-0.6350050500730068
-3.3461673444101376	1.3229953331390378	0.2586040451757839
1.3870830570703006	-1.8561636860597144	1.1943275000952374
7.577795055906607	2.3148358383027627	0.9205513219590319
-0.9103293051993961	-1.3128942251659028	0.3436774977606364
-2.544976561502452	4.072607073321691	-0.03333339199926211
-3.6087903623231057	-0.5184218968461515	0.33221694089383264
-5.840225913216168	-2.267183116124693	0.3885825610475418
-4.177343267553008	-1.5043786656083942	-0.03405218462960437
7.222648500790905	4.219938691431191	-0.5689163618059613
-0.2291094571540776	3.422904222648121	0.9874462857325682
-1.0065870358954885	0.49473050809751984	1.4899404280068744
9.229412889011991	-2.1974397243769843	-1.0920811094250236
6.968211385366013	-3.0691792214007716	0.3198748234280977
6.702181422673817	2.137260228635916	-0.660469570991615
-2.0587045942779616	-0.30839730593930337	-1.4095990153754858
-2.101315923435974	-2.9178925237490243	-0.233143472846775
-5.414816051030887	0.3444982968049215	-0.2509010135765658
-4.401976801295865	1.1974231899748586	-1.6698632642159434
-9.707186502951304	0.9806498724513236	0.5030586895259608
2.258296291679783	-0.9840643560504949	0.6381392471622849
-0.16834937032918118	-4.783259494481309	0.49482700376057726
-0.46640318724477414	-1.5654644748076656	0.9536479681429226
6.353086371681792	4.535255748284218	0.3840210941722593
-4.7356408719960355	3.0345910040909594	0.6231093258564058
-6.715123834317257	-0.9899448605046111	-1.0361547940631453
-4.89377312554896	-2.9743630359950624	1.4933477004524531
9.456761123094813	0.4557257842666254	1.0350446405723295
8.248594348762818	-0.1867383863757207	-0.7736032249883449
-0.1846943829705776	3.3511043844067254	2.0256440189314504
-0.22843831371370651	0.26981273304169084	-1.4780000948385674
5.127352419552286	1.0918450891810436	-0.3527897909959377
8.011417409270042	6.926977655961562	0.3208806737555377
-6.222265725791713	-7.745690636523479	-0.5991803427311547
-0.676424004448447	0.5117485009044479	0.3556629724146075
-1.329460079877389	-1.8243431954720202	0.7366579256691178
10.327373233988556	2.7377174073263415	0.31563393623528024
1.9345492010264251	-0.6622351496227973	-0.6837452966189881
1.445203612711512	1.9513577355055614	-0.072288356058172
-2.115705492840539	0.8597857437178742	-0.9738307155490971
-6.970900489241769	-2.6040269559373885	-1.248147870330757
3.070112096489358	-1.416658376033921	0.3270939861261166
0.9903463026588044	-2.278419446864634	0.6331386288683651
-1.2677818758343673	3.2133869862834192	1.796528603258203
6.7984224414929395	-1.7692094150811697	0.7482863946655103
1.4087588140734635	-0.3183177473545031	-1.6080304729386585
-1.950586163453102	2.530089353752363	0.2689563944231068
-1.3068954097984422	-1.4575747729554123	-1.6967914111743083
-0.0925384356604418	6.536167123272722	0.1658958765413766
-2.555421831710725	-2.7323817267689785	0.04004442432683692
1.775565351843988	-0.440531148716223	0.46141078334060504
-0.293800151643999	-2.363625430877466	0.9498705266569426
-2.1142996766190723	5.5796069537600985	0.4304794405394663
5.2756426517361845	-0.2756279986165235	-0.06621392288167718
-5.28940208305897	-2.4900441865216854	-1.615359208336029
-0.9113380944491122	0.18052267424411428	-0.8377893266249977
-3.3772643484934695	1.7842629976204076	0.9941276542044185
7.862392840967249	1.3052141869029357	1.9013571866371708
-3.329201078551392	1.7773374640921191	-0.050595205539998
2.527176792300096	-3.9212486938554605	0.6607301657282054
-0.046657088011972374	0.5064503585193717	1.733232968151855
2.4361134167267915	1.7186459013034416	0.5277126956713398
-4.606565521150569	1.2786944727229668	0.20209930844410862
-6.635728351913684	3.1335394930890734	-0.0017123578724364903
-4.38561486028887	6.404586567291421	1.804943300142272
-1.366456675151557	-0.5227210293723714	-0.13968004055559066
-4.070119878962171	0.041978614619944045	-0.07061753872113816
10.830159127605235	2.5240560293431953	-1.5991605237407713
-6.670044790682827	0.35338251885389615	-0.1737161470312635
-2.048105558545357	-0.4381462394899589	-1.3884822972330633
3.0693346470988967	0.1763257225825668	1.672389154523378
-2.89830095820827	-2.8045666647770946	1.6038564698466418
0.058756905318186003	-6.658745801822467	1.0800354060113206
-2.920640924312084	-0.6360706850055642	-0.9074851000725666
2.642676337327406	-0.04581925913742727	0.3183948688038288
-1.4780056682660292	0.2585788069785464	-0.7047062537578429
8.124781374519372	-2.606068625539793	-0.7832748283957839
-1.0224669870165253	-0.5191864114031486	0.7786160124312419
-3.0263032551554425	-6.153794108552399	0.5118473881020722
-2.344499818969546	1.0642779953316381	-1.3051196314508562
-6.062493274761343	0.45121541180980385	-0.3275904285910992
4.464935209627011	5.314158450783452	-0.8675667110882692
-0.5849262669162287	-3.023447280836682	0.015904662202885857
-1.4297050852995534	2.4793066317077246	0.2656646298725308
-6.6466962023673295	-2.8017024972028475	0.5897986805137203
2.0103076791149093	-4.011138061273246	0.2918440249419267
-7.074394842455668	3.4350428897313767	-1.7736872791226042
-6.529921849136007	0.5671039334078297	-0.002030134291069559
-11.614914357155088	2.0114570887532808	-1.338232330826109
1.0422943201474852	2.6148710197016554	1.0231609908696822
-1.0794273683465028	-3.610389824306521	1.89228045756741
1.1282788370674017	1.3766622685871277	0.3826927435557803
-7.293529674709554	5.9048502931850155	-1.4220461901484462
-5.488176796777977	1.7625485073463074	0.07922675255651843
-2.5759841174760227	-5.108494518041107	1.0372449101129075
-12.999485445195587	1.1552935109256295	1.7829430108913376
5.56565622291862	-4.192439094917205	-0.9989371363481128
0.635439010224486	-3.6533921776482368	0.8620007884181353
1.2850737884204162	-0.9407736843850448	0.261514978521875
1.2580443502614238	-6.466188620959109	0.8644478205585799
-0.46602779916965553	3.3262883974823385	-0.10578080131077397
3.9481960366125057	0.6425553234201803	-1.0708178108100934
-5.336968650850308	-0.5907160990318197	-1.6371401226243558
7.12970194271149	2.0271205309352904	-1.2881978275378514
1.4218227653050233	4.3498508145885655	-1.1061005768297953
-4.773378659420616	1.0648194943499558	1.0813740266400893
-3.1533530674540344	-1.0700969989907727	0.2202320633524939
1.9360899457572476	-3.1845991996882335	-0.9607410074718833
-0.2189749620740107	-1.98175027961504	-0.4054196623650324
1.41974831473989	-0.4481844461222939	-2.667772624418561
4.4662248014941515	-2.010452923948385	0.4728248539798212
9.46583902867677	-3.2715826415300433	-0.8202849980817134
10.755231553878735	8.38832145312551	-1.3108851420098129
-1.2529688724870383	7.1840102895430995	0.5834268668226473
0.803679715425739	-3.8649628238703473	-1.125943352805755
2.204986628873963	-0.8561425924845932	0.9970746871709659
2.8497642600351374	-0.3731563659153305	-0.716441535510721
-0.40737812446777677	-1.258160801315664	0.39230349226722294
-12.194128952214127	-5.381569706211717	1.0009463438812374
-7.302753204941154	2.9569838631273155	0.3208835950871286
-0.2581172471823455	-2.337258654673654	-0.2513210662913659
3.2578591302448094	3.245634720744274	-2.4449630577395216
11.564766264891803	-2.1017865499659143	-0.4938800195200957
-0.6229471798928647	0.8340242909633837	-1.2753732443413808
2.677581657822863	0.13605661067306465	0.8504432165130361
8.159242908632166	-0.6462190328312247	0.18619616399643776
5.495012183586762	-1.1402867256274747	2.4119675412029817
-7.654308053490242	2.23525464341373	-1.4756668693886597
7.374363687586262	1.8307147450573693	0.7511541584669789
3.7276074373237185	-3.3683657464067034	-1.4708976870664396
-1.41873055979854	-1.1168666524425284	-0.4549722397780694
-2.151747345753504	-6.063767782830201	-0.8464747576443328
-1.2576113851206174	2.4747082075628155	-0.2370054541278452
9.444189395551492	-4.0664139912770905	1.2183023018803756
-2.44480986221878	2.0940573241630283	0.5325656867924223
-2.4316993281348207	-0.11524005109004197	-0.7983599041675129
-4.0225794376295445	3.520986777740447	0.669435029551344
4.291828716258659	4.5351321688433215	-1.0314094642717089
-5.501115039612452	2.1039499193132305	-0.39314595814678904
-5.430495244914032	-3.046967634258177	-0.37101282011583264
-7.444906319359154	0.9718724287524776	-0.9717149210555678
-9.948494225507972	-1.763098859554517	1.434016239543718
2.261695901752348	1.6644760507695204	-0.36086466740859346
-0.9377363551956606	3.8137873958845807	-2.1867083530232603
2.792955419538015	5.14947583981261	-2.5484278415259634
6.971219885010967	-2.5385744820160587	0.0412510500557398
-4.000750358087026	5.528906751595901	1.497005645861747
9.541831137154789	-3.9504971851489716	0.4260116743775608
-6.455240259515681	4.417149704098845	-0.34832619408232374
3.76943043891743	3.140202451709233	0.9865268503098223
-4.7133201884039835	1.6758985198024425	-0.7414304900775656
-1.3659929361905152	5.166140802407831	0.9851366046910289
-0.7180702615625989	6.287736708849602	-0.3576206706492119
-6.795757679344634	-3.0828277412384706	0.20350363023934992
-3.8535524802458205	2.917746004913221	0.5042064275846734
-2.973492781260748	0.48798931141427626	-1.162851178526414
1.2025694129541484	4.710173873434449	-1.553002908894932
-0.5326206345397437	3.01272122296447	-0.9685783380096723
5.9799125648148515	2.030411036592681	2.518551703496086
-0.3526340118822905	-4.345201599318304	-0.3335870177908136
-6.115168547215848	-2.1713475640898765	-0.5271981992685794
-3.826376209813466	3.366251844797299	-0.3741040973965456
-5.1347999919748535	0.5464426241316183	-0.28064676477140177
-0.8527635736831073	-1.8743556628574036	1.2994483046006542
-1.4418568023467841	4.625981066800578	2.842250203117332
-4.401983221491613	4.759191716531978	-0.23696002506399527
0.011161875723565806	-4.209698878236834	2.561800629972186
5.100502556049844	-4.420207753052096	-1.5637218740701657
-2.8240620211325966	-5.177221814380924	0.5461761656930172
-1.6789840963622058	1.3538004425874735	1.1654400785566859
-3.997005608699313	1.5301945501338805	-0.884956593761201
-1.3665722266944575	-0.008294513475780524	1.2231890580166895
-1.2925884286947242	0.6377021819271144	0.5857336555161718
2.9253803727416576	-6.287627560237983	1.2708380349484807
